camera_matrix:
  - [600.0, 0.0, 320.0]
  - [0.0, 600.0, 240.0]
  - [0.0, 0.0, 1.0]
dist_coeffs: [0.0, 0.0, 0.0, 0.0, 0.0]
image_width: 640
image_height: 480
